gene	lowMean	highMean	logFC	pValue	fdr
MIR205	5.4172157063197	2.07434880294659	-1.38489303359742	1.52238247256015e-25	2.18566061278808e-24
RNU6-1016P	13.7373366171004	5.44229290976059	-1.3358158116952	3.56493009344341e-28	7.25675472235582e-27
NRBF2P5	1.56505554522924	0.774203683241252	-1.01542878429162	1.70023575045227e-14	6.77853256288448e-14
FATE1	0.748185130111524	1.52001924493554	1.02262239143626	0.0086821779142237	0.0109951533221235
TMEM132C	2.59956031598513	0.807600460405157	-1.68655399131686	6.0779108194981e-26	9.26258441199626e-25
CYP24A1	5.62661945477076	2.47043563535912	-1.18750292453128	1.16508144933819e-14	4.7174349283054e-14
ALG13-AS1	3.88370802354399	1.84710534069982	-1.07216859750052	2.38512068842021e-30	6.87743316210745e-29
CLDN11	8.30143859975217	3.47143922651934	-1.25782745548543	1.07704681244829e-37	1.01748195834549e-35
AC008737.1	1.73217530978934	0.623648895027624	-1.47377900247797	1.36003518149778e-38	1.592824764961e-36
UBE2C	75.085294330855	150.498359208103	1.00314547366798	2.39985340520266e-47	2.73567289170402e-44
ZBTB40-IT1	1.56393798017348	0.730267403314917	-1.09868656192701	1.60498216177628e-30	4.76451215003691e-29
CAPN11	2.22394262701363	0.873150552486188	-1.34881723379456	2.72250147984716e-23	2.90950330024416e-22
ITGA7	11.3652998451053	5.46511325966851	-1.05631244666396	7.85431316636379e-33	3.39143688968824e-31
MAB21L4	12.3172357496902	32.0190552486188	1.3782522196192	0.016801079877103	0.0206424994480552
MYO3B	4.64552481412639	1.80660257826888	-1.36256241710622	3.78916771830239e-09	8.94924254250811e-09
ADH1B	20.1385181226766	7.80103103130755	-1.36822081068226	7.26076683352172e-19	4.55603126922524e-18
AC024145.1	2.23934343246592	1.09093489871087	-1.03751078948774	7.14895109280692e-29	1.6084199307356e-27
TBX10	0.618091078066914	5.27100662983425	3.09218716118208	0.0413707804552293	0.0487222932022843
SCARA5	4.47027682775713	1.62706261510129	-1.45809440289175	3.00442682282735e-26	4.74355440845105e-25
BMX	2.24395102230483	1.08455580110497	-1.04893690472115	2.34296659423725e-28	4.90960610231161e-27
COL6A6	1.47202552664188	0.734205801104972	-1.00354627101541	6.94293389414284e-19	4.36460392117457e-18
RNA5SP311	2.17962388475836	1.02199337016575	-1.09269336814439	1.76109163622146e-22	1.68510945090939e-21
MAB21L1	2.34492571251549	0.982713535911602	-1.25469938592159	1.07746359236396e-29	2.76629879366837e-28
TMEM200C	1.55050374845105	0.610265193370166	-1.34522880037729	9.62438653405757e-47	8.66144133399213e-44
HOXA6	1.36116043990087	0.670536464088398	-1.02144943343334	7.73199648083803e-30	2.01846424161602e-28
BACH2	2.81737069392813	1.36510036832413	-1.0453423694932	9.2261414472191e-38	8.82440331921559e-36
RNY1P14	2.70209123296159	0.557950092081031	-2.2758684006825	6.12785765256544e-12	1.90094771410044e-11
LINC02607	2.31695913878563	0.792114456721915	-1.54845178851773	3.11643497994111e-42	7.61256024600186e-40
TRMT9B	2.10697397769517	0.853759300184162	-1.30327120198697	3.91433882875541e-40	6.25525977877465e-38
AC136475.3	33.0597797707559	15.7152335174954	-1.07291340433691	2.44946257188247e-14	9.60407257890813e-14
TUBAP9	3.1487301425031	0.77007182320442	-2.03170520386866	2.97948650058457e-13	1.0429117640429e-12
SLC14A1	2.49522685873606	1.03437762430939	-1.27040801497167	8.11044072347489e-29	1.80338655306498e-27
AL591845.1	12.6767032527881	5.76648526703499	-1.1364154478328	9.62084608381801e-20	6.6709994804219e-19
HMGN1P1	3.98323423172243	1.83871270718232	-1.11524423802182	3.05447448755918e-29	7.2741586716956e-28
SNORA28	2.68492555762082	0.661347237569061	-2.02140223183215	0.000367903349275209	0.000535339917390588
GLI1	1.77486784386617	0.886466482504604	-1.00157361732453	3.20060760509191e-29	7.60099853325925e-28
SPRR3	2.62765492565056	5.29857127071823	1.01182757018095	0.00652715722946977	0.0083638984912098
TMEM179	0.714017874845105	1.68968812154696	1.24272488550613	0.0118001248422575	0.0147245373040766
AC083967.1	1.58993671003717	5.66654539594844	1.8335001276145	0.00619231339365609	0.00795270893181054
PSMD10P1	2.99137921313507	0.967827071823204	-1.62798961096179	1.07258161738023e-18	6.60427550435166e-18
MT1H	1.36202369888476	3.17761362799263	1.22219190923646	1.56089795623096e-06	2.85727375587123e-06
AC004947.1	1.56775780669145	0.560710128913444	-1.48337566691163	8.97632786314987e-25	1.14541962785074e-23
HAO2	3.69174355638166	1.46338802946593	-1.33498997821047	1.62462235538197e-08	3.61193832462311e-08
SHISA3	2.23296731722429	0.57402679558011	-1.95977214672818	6.15479422636274e-21	4.94551456499503e-20
AL136115.1	1.81632289343247	0.788135727440147	-1.20450469042496	1.54489494599937e-14	6.17777331189037e-14
FREM1	2.4624052354399	0.826930018416206	-1.57423105714915	5.97580988523023e-46	4.64456241943417e-43
MFAP4	134.83690960347	54.2277672191529	-1.31411179196032	6.44045284242084e-31	2.05457655135362e-29
LRRN4CL	5.12281043990087	2.43743922651934	-1.07156926040917	4.81723323327317e-23	4.97102420372589e-22
ANGPTL1	4.87378150557621	1.97232504604052	-1.30514424318379	1.12676406420666e-34	6.59812970338003e-33
AC027514.2	1.38275669144981	0.669666482504604	-1.04603265697397	1.81513043539206e-31	6.32116401522787e-30
RNU6-130P	1.64155387236679	0.673049631675875	-1.28627729658512	3.87288240420386e-09	9.14169191461648e-09
KIT	34.7240809789343	15.6626419889503	-1.14860892349149	5.83714492165389e-42	1.29622520799169e-39
MIR205HG	31.0632365551425	14.7843111418048	-1.07114113122074	6.82357415444717e-31	2.16870435812067e-29
RNU7-57P	2.3155574039653	0.855558839779005	-1.43642054027125	1.04880668774351e-10	2.87719325424776e-10
MIR186	15.4427743804213	6.75617900552486	-1.19265250600637	5.56889022435772e-45	3.28353289469975e-42
CAPNS2	1.77198618339529	0.846652670349908	-1.06552520812673	8.61768771223954e-05	0.000133122994120141
RHOXF1P3	3.55339749070632	10.4329405156538	1.5538748517881	6.81903797364884e-05	0.000106201594235742
KLHL29	2.23537530978934	1.00100524861878	-1.15906753521993	1.76431925844917e-43	6.15675408167803e-41
LINC02115	2.70399848203222	1.31470893186004	-1.04035091029748	4.8331396379436e-15	2.03201019594781e-14
NPW	3.9844886307311	8.38958241252302	1.07420442237692	2.60624979097305e-06	4.67326606290354e-06
EPO	0.961558116480793	3.44358075506446	1.84046354825854	0.000128159635040834	0.000194583697350668
KERA	3.26043695786865	1.20363591160221	-1.43766626821484	2.97767401585426e-20	2.19936276445322e-19
FCER1A	13.7358504337051	5.99390635359116	-1.19637778634026	2.82676615104403e-34	1.56931410443837e-32
LINCADL	3.45980842627014	1.45471169429098	-1.24995889901905	2.02084328574068e-14	7.98576365677834e-14
CIDEA	7.65789355638166	3.45135607734807	-1.14978428238099	1.3095691444464e-15	5.86800911972982e-15
AP000851.2	6.56011632589839	3.22323001841621	-1.02521425066668	1.94531098228141e-18	1.16711833284315e-17
MIR27B	3.10489203841388	1.02514640883978	-1.59871313819122	3.53316069486414e-25	4.82921780347577e-24
C1QTNF7	2.37111425030979	1.17781224677716	-1.00945559992305	1.23666147916387e-21	1.0755683943145e-20
RPL35AP5	2.08824981412639	0.925490055248619	-1.17400491665834	8.8330016888589e-17	4.4724754479656e-16
RN7SL81P	2.36199042750929	1.15221942909761	-1.03558762757846	6.63220453427389e-25	8.73683091922567e-24
MIR221	1.79769618959108	0.719875782688766	-1.3203293355761	6.18346024618916e-26	9.41504779604527e-25
LINC00926	3.60148720570012	1.5845182320442	-1.18454851912729	6.89693260328891e-25	9.02991198955874e-24
ROCR	3.42729439281289	1.38100948434622	-1.31134689211333	4.6477134541031e-32	1.77788036581004e-30
RNVU1-15	2.47897772614622	0.617113627992633	-2.00613724900908	0.0377015329517518	0.0446037855076457
ECRG4	16.8799109355638	2.69277836095764	-2.64813989838201	5.63501471972663e-38	5.73530456503605e-36
ITM2A	54.8751753097893	25.8628133517495	-1.08527442386765	1.23039110642455e-32	5.14387714639447e-31
KRT15	171.041211183395	62.3944737569061	-1.45485381309477	1.06195719742874e-23	1.18450137761474e-22
TRARG1	12.8311248760843	5.44628416206262	-1.23630349117563	7.65070418977847e-14	2.85195968914371e-13
WNK4	25.8955780978934	12.7568829650092	-1.02142990383454	3.63807979917834e-15	1.55247133731346e-14
AL032819.1	0.684319609665427	1.41722633517495	1.05032798472802	6.67394315361507e-10	1.69641376518008e-09
RNU5F-1	1.71662614622057	0.700734346224678	-1.29263636137205	1.0207497738831e-07	2.09453982762836e-07
SCGB3A2	2.62650458488228	0.968772928176796	-1.43891364750012	0.00835125789766774	0.010601986694797
SFRP1	189.307890737299	86.2919879373849	-1.13343602777111	5.06448503596049e-34	2.6893673798102e-32
AVPR2	2.22755433705081	1.10463581952118	-1.01188980914917	1.30302311860382e-20	1.00907573845139e-19
ALX4	2.78528643122677	1.20738397790055	-1.20594113630961	2.63182027297176e-36	1.98244470694027e-34
SIGLEC6	1.55874027261462	0.752375046040516	-1.05085665185999	6.27762158325316e-21	5.03475851088395e-20
AC011442.1	2.01796105947955	0.974829650092081	-1.04967629770935	2.60273161112129e-20	1.93412028763855e-19
EGR2	29.8819297707559	14.678897053407	-1.02552974949825	2.96384429517212e-22	2.76178602741951e-21
CYP19A1	2.03414866790582	0.226551197053407	-3.16651610503086	0.0093484528980732	0.011796118080153
C7	21.6443361214374	6.14076786372007	-1.81749857888481	4.58007627184807e-31	1.48323341235474e-29
AC018816.2	1.93769399008674	0.624732320441989	-1.63303067685334	7.24527680363847e-22	6.45580969595697e-21
KCNIP2	4.97265006195787	2.19700064456722	-1.17847961556414	5.28398539515815e-26	8.09595575912269e-25
RNVU1-1	2.04768327137546	1.01998195211786	-1.00544895655215	1.78637842975051e-20	1.35860405975087e-19
SYT8	7.67310926270136	3.82075865561694	-1.00595216816348	1.7067458627464e-13	6.13617483328442e-13
CEACAM5	34.8384047707559	74.7557152854512	1.1015053163098	0.0346663921669388	0.0411782313068765
THBS4	44.2831395600991	21.4767312154696	-1.04398307899632	1.61569035164134e-16	7.95699577267145e-16
EGR1	419.492821902107	191.874347605893	-1.12848427921653	1.26458333852064e-22	1.23208606868173e-21
CNN1	38.7543681846345	19.1236709023941	-1.01899944860613	3.99384170973045e-14	1.53015235031775e-13
AC108058.1	1.5362436802974	0.563455432780847	-1.44703366750576	2.48170307873306e-30	7.14387894667619e-29
MIEN1	67.5259530669145	165.608602117864	1.29426360960181	8.54575965635107e-23	8.55026005640415e-22
FGF14	1.78004383519207	0.492396132596685	-1.85402143361244	3.27747374714698e-25	4.50132719698524e-24
ABCA8	4.0342136307311	1.3857667587477	-1.5416030285742	3.01065499230745e-36	2.257859197959e-34
ZBTB16	6.35260467781908	2.38671215469613	-1.41232365994908	1.48428720620049e-25	2.13634906892443e-24
TEX52	2.49353302354399	1.21417513812155	-1.03821477224439	6.12996681751007e-37	5.16336466071944e-35
RNU6-638P	2.72999312267658	1.09393241252302	-1.31937371128164	1.75489245938394e-16	8.61277444403157e-16
KRT79	7.13027772614622	2.12879594843462	-1.74392060139499	0.0126868796681442	0.0157757948836883
RNU6ATAC24P	2.22189454770756	1.01505	-1.1302395528995	2.71753166408475e-28	5.63237259687093e-27
PTN	99.7186761771995	45.2367275322284	-1.14036916317478	2.77901423459332e-23	2.96249154596703e-22
C11orf86	0.749882032218092	1.9464832412523	1.37613436265725	0.0133526210908818	0.0165688227012032
ABCA9	2.68180597893432	1.03124880294659	-1.37881242141113	2.45635540745506e-36	1.8667209383144e-34
MAGOH2P	2.33829067534077	1.061197053407	-1.1397617091374	3.34720580627719e-56	1.90779573605112e-52
IL33	19.6603215923172	8.77354797421731	-1.16405463698784	9.37036679386883e-34	4.74035212450778e-32
RNA5SP317	3.32222549566295	1.57150432780847	-1.0800037541599	1.1826056264477e-31	4.22158112873262e-30
RPL37P12	2.33084126394052	0.971912523020258	-1.26195238167891	2.40461552610889e-38	2.66990395330753e-36
AC119424.1	1.45473082403965	0.689401749539595	-1.07733536386406	1.51625791543084e-11	4.52706374994795e-11
SCG2	22.7003349442379	6.36086298342541	-1.83541916918514	6.2173304688352e-10	1.58293826215922e-09
MS4A2	4.21322754027261	1.96119861878453	-1.10319018174613	2.03969780732963e-15	8.93818370259594e-15
HLF	6.84093931226766	2.66883996316759	-1.35798163461031	1.36913053700054e-31	4.83693451491162e-30
PAK3	1.37928513011152	0.64881197053407	-1.08804838355516	2.78658800044739e-37	2.44348042152051e-35
SNRPGP4	2.008379244114	0.941921454880295	-1.09235305420806	2.06472147409011e-21	1.75383370518961e-20
RASSF9	3.0625218401487	1.44862357274401	-1.08003737574841	8.09739821308162e-48	9.8898151461059e-45
SYN2	2.17887967781908	1.06351279926335	-1.03474913400575	5.47611172307132e-32	2.05342180598238e-30
DNASE1L3	2.09963197026022	0.969259116022099	-1.11518216626336	1.25912725482938e-26	2.07017470483919e-25
AC124944.3	3.211225	1.42972974217311	-1.16738128935941	3.50375408422962e-35	2.26934435932736e-33
TRBJ1-6	9.67046697645601	4.59354861878453	-1.07397645911877	9.29248871712621e-14	3.43550842322467e-13
SNORA63	2.29156979553903	1.00168627992634	-1.19390548848859	3.67939378481137e-21	3.03932146504781e-20
HTR2B	2.53386648079306	1.1973741252302	-1.08146650567551	5.74825634168439e-32	2.15075350517421e-30
NPTX1	5.60009761462206	1.13240699815838	-2.30605940474132	1.81814321321257e-10	4.8781469955628e-10
RN7SL314P	37.5578887546468	9.37946279926335	-2.00153876581976	6.19693972235683e-22	5.56228201115903e-21
AC023421.1	2.3966936802974	1.11354069981584	-1.10589124148181	4.81700972462505e-26	7.41368580390313e-25
CHRDL1	23.122739157373	9.06884871086556	-1.35032099442062	6.50287847290003e-27	1.1152730091085e-25
BLK	1.48579544609665	0.607359668508287	-1.29061249423203	9.30711132354435e-09	2.11653539727736e-08
LEFTY2	2.90970982032218	1.42943987108656	-1.02542534839089	1.63933930159375e-28	3.4734898039593e-27
RN7SL600P	1.99325703221809	0.624963259668508	-1.67328447470189	1.55782673839864e-17	8.48861676223019e-17
AP003555.2	2.0194397149938	0.609770810313076	-1.72761608345678	1.44687653527407e-33	7.17105561642067e-32
AL021068.1	11.7376859665428	5.66740690607735	-1.05038732217694	1.28861715569812e-20	9.98824331155129e-20
CADM3	2.6058635377943	1.29114539594843	-1.01311006399226	1.76807962758972e-25	2.52568033017181e-24
DMD	4.50423931226766	2.0808744014733	-1.11409359174859	1.85407402503442e-45	1.21933891361783e-42
AC032044.2	1.61736446716233	0.599954511970534	-1.43071979539767	2.05774900431277e-10	5.4865819779735e-10
AC007684.1	2.31534498141264	0.956687845303867	-1.27510699381884	6.18295533544251e-15	2.58111214064286e-14
STAR	2.38541375464684	0.459765561694291	-2.37526921468661	2.57156104843596e-05	4.16827399442663e-05
MIR3165	2.18286434324659	0.833776427255985	-1.38848998549451	3.03971143831883e-16	1.45922964032585e-15
CXCL2	9.54843513011152	4.04533268876611	-1.2390059577373	1.04580991772954e-21	9.16571183150046e-21
NSG1	3.22138485130112	1.30733508287293	-1.30105206091849	1.152837944735e-34	6.72777338464975e-33
SMYD3-AS1	1.48463398389095	0.57786758747698	-1.36129644151822	4.00802713092973e-06	7.05582785048568e-06
CD1C	4.97894615861214	2.40045303867403	-1.05253370238501	1.01300203631684e-22	1.00297173242511e-21
RNU6-341P	1.84887893432466	0.834019981583794	-1.14849690580415	5.56114278390181e-06	9.64597083200822e-06
AL365436.2	1.62060814745973	0.694246316758748	-1.22301577558658	6.24996868753508e-15	2.60781392357644e-14
HSD3B2	3.37424699504337	0.074377532228361	-5.50355489103741	1.31061546371619e-07	2.66028179179524e-07
FABP6	1.75526505576208	4.54587946593002	1.37287052882197	2.44332734673172e-09	5.87353497845715e-09
GATA5	1.04712834572491	2.34631924493554	1.16396103958262	0.00920217626460855	0.0116192594851973
SNORA74A	18.5114359665428	0.540162891344383	-5.09887847033283	0.0399154693509258	0.0470634816184995
ADAM33	4.53325520446097	1.82304613259669	-1.31419631200903	3.05873228546947e-30	8.61635310531177e-29
SEMA6D	7.15693633828996	2.78727154696133	-1.36048858446956	1.33402767739228e-42	3.67911923479526e-40
SAMD5	4.37986161710037	1.72192255985267	-1.34686502644503	3.41241869597282e-45	2.16107212157182e-42
AC015982.1	2.73576313506815	1.2831423572744	-1.09226208770921	3.60965503750826e-26	5.66252215471135e-25
AF131215.5	3.98766675960347	1.9631320441989	-1.02238763734413	8.52878044799218e-35	5.09370905712833e-33
AC104984.4	5.10958866171004	2.38446335174954	-1.09954254499999	0.000358678692219416	0.000522495055227449
SELP	12.8557052973978	5.6379091160221	-1.18917663560316	3.20058734813324e-29	7.60099853325925e-28
EGR3	29.9614277261462	14.0688338858195	-1.09060361912563	9.28361258115128e-21	7.32873922091901e-20
MIR5685	9.43224423791822	4.05951491712707	-1.21629372983784	1.98730126628589e-27	3.6815671020826e-26
AC087163.1	1.49323274473358	0.65562744014733	-1.18749090829738	3.7092108137059e-44	1.60398977842904e-41
DSG3	25.9685388475836	11.7105359116022	-1.14895774156137	2.074247854279e-25	2.92636667164329e-24
LAMA2	15.723528283767	6.99029309392265	-1.16950013540649	5.3716458106339e-38	5.49998633030114e-36
TNN	12.384121685254	5.22119668508287	-1.24603914059116	1.66961988573017e-27	3.11668454433408e-26
FCRL1	1.68397899628253	0.389597329650092	-2.11181845010414	2.93650280310094e-13	1.02849777612091e-12
AC018797.3	1.90974389714994	0.741668876611418	-1.36453204699756	4.12967343331115e-31	1.35534138265235e-29
NTRK2	18.5177237918216	7.99299189686924	-1.21209924090244	1.32232042952291e-44	7.06573657012882e-42
AC126544.1	1.3954822180917	0.669381123388582	-1.05986396843102	3.91260456757246e-17	2.04779998472365e-16
PHKG1	6.354125	1.51147965009208	-2.07173191612806	2.6178849090499e-24	3.13687554729112e-23
NEK10	9.1677426889715	4.33428130755064	-1.08077376093853	1.30768661394562e-17	7.16211832538634e-17
AC005838.2	1.92869191449814	0.68977044198895	-1.48343449555144	2.43913049402677e-20	1.82204859403074e-19
AL049840.6	2.89624188351921	1.43428241252302	-1.01385297506757	2.77689269591107e-40	4.52210363879842e-38
COL14A1	64.3599667905824	23.9527997237569	-1.42596928636515	4.42158858172079e-39	5.64214501185401e-37
CMA1	3.23968355018587	1.29875156537753	-1.31872741064031	1.9603695951343e-25	2.77716319032323e-24
AC007619.1	1.62947211895911	0.775695027624309	-1.07084320829604	1.00520976886632e-31	3.63384394034782e-30
RNU1-16P	2.77709296778191	0.657460036832412	-2.07860036541749	2.41386266664325e-10	6.3853090558374e-10
AC253536.3	3.72498866171004	1.63945276243094	-1.1840217002977	7.77842651634737e-35	4.66678298256223e-33
CRTAC1	5.10969615861214	2.51525165745856	-1.0225347531061	1.75405898031828e-17	9.51241817458366e-17
LINC02613	2.93543162949195	1.26033296500921	-1.21976772760789	2.55626907461839e-34	1.42841976819934e-32
AL121672.1	1.51407239776952	0.737375414364641	-1.03796297183874	1.42993002487568e-11	4.27603593832621e-11
PRSS12	2.37960473977695	0.712254143646409	-1.74025794222885	4.67175419924182e-35	2.9806837706282e-33
SCN7A	1.75704851301115	0.531663996316759	-1.72456734827846	8.75867360651594e-35	5.2001583332575e-33
GIPC2	2.32737853159851	1.0995244014733	-1.08182625201249	4.95079375653897e-35	3.13531934974296e-33
MIR554	2.84080758983891	0.681305801104972	-2.05992672392589	0.000184599266909867	0.000275914586091942
C4BPA	6.44485170384139	1.66287863720074	-1.95446428307858	8.18873099305692e-15	3.36989437425464e-14
ITPRIPL1	2.43617403965304	1.18194834254144	-1.04345021928161	8.34717424303463e-33	3.56820830954123e-31
MTRNR2L8	4.63831319702602	1.83740046040516	-1.33593414437903	0.0332658219266548	0.0395833186585853
MEG3	4.12437630111524	1.55568434622468	-1.40662660559934	3.44194677654102e-29	8.09543988061553e-28
GPIHBP1	7.67866796778191	3.79930497237569	-1.01512054316664	1.38717480032461e-18	8.45306554196383e-18
ITIH5	7.55875941759603	3.46267965009208	-1.12626054862259	2.54711483475023e-34	1.42797103473424e-32
AC102945.2	5.10372146840149	2.51473462246777	-1.02114343546034	1.02588980937274e-30	3.16637000910911e-29
CAVIN2	15.0489899938042	5.86759880294659	-1.35882452917877	1.16455611062023e-27	2.21498831318079e-26
KRTDAP	23.5659975836431	5.47437624309392	-2.10594025725673	0.000613206818974213	0.000873186492141911
RN7SKP16	2.83278091697646	1.30756611418048	-1.11533513517023	2.13664425123418e-33	1.01767353904884e-31
NTS	146.235526579926	4.56937320441989	-5.00015375342533	1.21176666961334e-05	2.03057607641302e-05
AC053527.1	2.13064495043371	0.803735082872928	-1.40649824146441	7.42363245737308e-11	2.06703617307641e-10
AC106900.1	0.773084324659232	1.55720672191529	1.01026278670468	3.12205272626092e-10	8.16019253536158e-10
RNU6-759P	1.87332122057001	0.588989871086556	-1.66928357216922	0.00352217162632593	0.00464273917965981
PLIN1	43.1375327137546	16.3809685082873	-1.39692300534875	2.47985655092511e-17	1.32385473506926e-16
TNFSF11	4.12630913878563	1.9001167587477	-1.11876383819597	0.000439624465871986	0.00063419714350334
OGN	34.4190500929368	14.4605510128913	-1.25108475541372	6.29576820527758e-25	8.32570305816252e-24
SCARNA5	71.1753340768278	1.19699567219153	-5.89388751833026	9.2460697984046e-06	1.56719416616693e-05
GAD1	1.82360833333333	0.882966850828729	-1.04636472601617	7.18383194973279e-09	1.65022786272267e-08
IGHE	2.59962357496902	6.68564134438306	1.36276322631743	3.09771645039552e-06	5.52093533305326e-06
AC072022.2	2.75338262081784	1.16543158379374	-1.24034079230683	3.67800942152816e-46	2.99477538565286e-43
TACR1	3.32464166666667	1.28416399631676	-1.37236939780705	5.73284822658572e-34	3.01618374850428e-32
TRAJ1	1.57353779429988	0.739859392265193	-1.08868880801225	3.54853557276069e-09	8.40975880230562e-09
ACKR1	58.8021832094176	24.8257174953959	-1.24403430637378	3.79419959269668e-23	3.97044178919954e-22
SNORA7B	5.2662719330855	1.19300064456722	-2.14218719686002	2.11911196171599e-09	5.12585874004551e-09
RN7SL192P	1.84570390334572	0.873614548802947	-1.07910233990628	7.11237475012018e-18	4.00442857597316e-17
MAP1LC3C	2.20771400247831	0.929259300184162	-1.24840016379915	4.20840701165699e-27	7.38804430105984e-26
TCL1A	3.53108599752169	1.53867228360958	-1.19842596766557	4.17355301267263e-06	7.33363302473428e-06
IGF1	1.51542438042131	0.691075138121547	-1.13280738021661	2.43270892729772e-31	8.33605008975225e-30
BOC	12.3412647149938	5.43451279926335	-1.18326763793115	2.54556609150096e-43	8.53463423501469e-41
LINC00472	5.44918835192069	2.6439273480663	-1.04335882485129	5.86807678230844e-40	8.87949069917628e-38
SELE	11.2899723667906	5.1431302946593	-1.13432334688265	1.89188495317602e-12	6.15943275216237e-12
AC083798.1	2.2641885377943	1.10305009208103	-1.03749578706419	7.89632797155798e-18	4.42976745359809e-17
ELFN1-AS1	1.37451350681537	3.64771114180479	1.40807040487787	0.000138260775889815	0.000209214248401765
LAMC1-AS1	1.65038039033457	0.812951841620626	-1.02155678820595	5.6304569137896e-28	1.11044040102524e-26
MIR4526	2.52357255266419	1.14693959484346	-1.13767815285906	2.52548487514516e-06	4.53367620788526e-06
SNORA38B	2.16937422552664	0.701590976058932	-1.62857684809664	2.44179040373827e-05	3.964692252732e-05
RN7SKP80	5.02470693928129	2.17064346224678	-1.21091667868754	4.74694475937008e-24	5.5366990750661e-23
SNORA54	8.07291192688971	0.61568379373849	-3.71282765340268	1.93760262470264e-08	4.27111863862195e-08
MEOX1	10.1635057311029	4.66345414364641	-1.12392728507605	7.18935391414372e-25	9.3697227574652e-24
IYD	0.746821127633209	1.65272872928177	1.14601530001439	6.30278369743405e-05	9.84572432326191e-05
P2RY12	2.96213203221809	1.48029576427256	-1.0007504915726	2.9783233752861e-39	3.83382822389382e-37
DIRAS3	11.9755366790582	4.08945515653775	-1.55010976229758	7.82401380770721e-24	8.85392535393683e-23
RNA5SP39	1.46223410780669	0.662159023941068	-1.1429246683024	1.43527054356176e-22	1.38653621606568e-21
FCER2	2.45639727385378	0.884043922651934	-1.47435395200521	1.32040057199894e-09	3.25748902091822e-09
AC000078.1	1.60856756505576	0.798876887661142	-1.00973143881627	1.46200678526348e-33	7.22510231827175e-32
COL28A1	2.24207596034696	0.999353038674033	-1.16576882666917	4.24410871886617e-31	1.39023017210522e-29
CDK5R2	0.579621096654275	1.73904475138122	1.58511304724829	0.000976136601016211	0.00136542537146402
NR4A1	43.9875495972739	21.5469474217311	-1.02961173996131	1.43195644463407e-16	7.08683740862459e-16
FIBCD1	1.84404488847584	4.5127349907919	1.29112828428813	1.96684107557143e-07	3.91878531242087e-07
SCARNA8	2.78152775712515	0.807255432780847	-1.78478035221583	2.04790560082199e-11	6.04264674175241e-11
AC004975.1	2.17570489467162	0.998728913443831	-1.12331784424496	4.54846749728863e-22	4.1501731982998e-21
FDCSP	1320.0267482342	424.09427771639	-1.6381102418274	7.93420143655556e-19	4.95496385550268e-18
TIMP4	16.2938640024783	7.91779779005525	-1.04115764337655	3.20664644257821e-15	1.37488584557785e-14
KRT1	48.9423933085502	1.47174116022099	-5.05548878421077	2.89052602930741e-08	6.27381373129315e-08
HNRNPA1P14	1.5899655204461	0.418265101289134	-1.92650594573539	2.6824328107402e-24	3.20972138774294e-23
MIR7152	1.46298732961586	0.616193186003683	-1.24746264094312	2.24906227038012e-17	1.20705322539955e-16
RNU6-282P	1.58046641883519	0.786058011049724	-1.00764268935674	7.72749451140988e-19	4.83293447880752e-18
B4GALNT2	0.927213661710037	3.41850635359116	1.88239237819465	1.97354098649129e-06	3.58005276130008e-06
CX3CR1	16.6565203841388	8.03657826887661	-1.05143376574866	6.70770035965904e-38	6.668312119175e-36
RNU6-100P	2.06762747831475	0.927005340699816	-1.15732672492497	3.84348992860478e-19	2.48374279248727e-18
RNU6ATAC16P	1.62380960346964	0.763458839779006	-1.08876019766359	3.76035817936771e-17	1.97294766827274e-16
CARMN	3.1410949504337	0.974220349907919	-1.68894752988277	5.05987371704321e-35	3.1924261673622e-33
SNORA74B	18.6740606567534	0.667258287292818	-4.80664654548667	0.0105932481714153	0.0132952106931173
ABCA6	2.27417853159851	1.0609573664825	-1.0999788315312	1.83074206089673e-36	1.43595681189327e-34
CGA	28.2353527571252	67.6645956721915	1.26089851034405	0.00143004536580428	0.00196562264548934
RNU6-343P	1.38574107806691	0.660210681399632	-1.06965933413081	6.03520143182544e-19	3.80515889685779e-18
AC022509.2	4.31800758983891	2.08340755064457	-1.05142069606081	1.4872917993437e-21	1.28310809671937e-20
HNRNPA1P49	1.43734984510533	0.688474493554328	-1.06193613881338	1.05817369561147e-31	3.80920253079169e-30
PTX3	14.5807856877323	4.92494502762431	-1.56588893522039	3.14010999352049e-23	3.31641388382995e-22
HMGN1P8	1.88887363692689	0.693711602209945	-1.44511827189313	3.006395590504e-19	1.9617776588177e-18
MALAT1	326.430696654275	92.0938628913444	-1.82559980695575	4.53772825528704e-10	1.16888543894476e-09
AC113346.1	0.523761059479554	1.59616804788214	1.60763184200077	2.32657942354806e-05	3.78517426862495e-05
PARP15	2.62840114622057	1.29727467771639	-1.01870149623485	1.33170062752218e-14	5.36667326978729e-14
SNORA22	6.45979863692689	1.30493950276243	-2.30750626959	1.00748090123724e-09	2.5196600746315e-09
AC068790.4	1.88045139405204	0.820569613259668	-1.19638138055468	4.70151326455809e-15	1.98056603376888e-14
ANXA8L1	3.63657013630731	1.81481252302026	-1.00275788086783	2.49101301087793e-19	1.64264679803323e-18
PENK	2.54640250929368	0.393656261510129	-2.69345215268066	4.60874208011307e-07	8.87042782843915e-07
CHRDL2	8.47276998141264	2.92276961325967	-1.53549758986711	1.23559026137351e-07	2.51546111194495e-07
RNY1P13	2.63967252168525	1.13399005524862	-1.21895097130773	3.48885311471516e-21	2.8903052039009e-20
GPRASP1	5.29502785006196	2.3259561694291	-1.18681436156217	8.27962184320204e-59	7.07866269484558e-55
AC096720.1	2.71283915737299	1.31790009208103	-1.04156250755595	4.35062379438589e-16	2.05444121127325e-15
AL121672.2	1.84338035935564	0.84441832412523	-1.12632399340332	1.65078043124442e-15	7.30693621378419e-15
AC002064.2	4.08143420074349	1.42432891344383	-1.51879385951874	1.72376884593366e-33	8.34978002737101e-32
COL9A1	3.62343358116481	0.333010313075506	-3.44371868718173	1.55772630099963e-15	6.91294109026542e-15
MAMDC2	6.94381158612144	3.29697532228361	-1.0745847135841	2.00752070866916e-31	6.94870376468299e-30
AL133330.1	2.31332670384139	1.09438204419889	-1.07985256276693	9.49438018252964e-33	4.00850387014998e-31
SLC25A15P5	2.22480142503098	0.807629373848987	-1.46191128565988	3.1715619939729e-19	2.06435243756919e-18
AL031846.2	1.4718894361834	0.661832596685083	-1.15313105028146	6.04794761746653e-54	2.0682771262212e-50
AC016590.2	3.40362769516729	1.34791694290976	-1.33634163482267	1.40866044382396e-28	3.02596544333491e-27
SELL	39.8302602850062	18.9118394106814	-1.0745752174586	1.18087261728022e-09	2.93058648517772e-09
RPL11P3	1.8296842936803	0.75077532228361	-1.28514160226167	1.2071829043237e-27	2.28589374097796e-26
IL17RD	17.4903986988848	8.64249272559853	-1.01704378701876	2.05814143998544e-42	5.41417853574016e-40
NR4A3	5.75628001858736	2.80846841620626	-1.03535319619106	8.49634042192318e-13	2.86489696064809e-12
MIR4312	2.54176936183395	0.983366850828729	-1.37003149923614	5.81436980540217e-22	5.24643320857898e-21
PGM5	5.07813596654275	2.40696887661142	-1.07708153638834	8.80845270790822e-36	6.1727759365788e-34
COL9A3	16.707549039653	7.79349281767956	-1.10015815631317	0.000612690372300011	0.000872523750808519
RNU6-125P	1.68799414498141	0.754961878453039	-1.1608341968987	1.75763957960475e-16	8.62378168483834e-16
IGSF10	2.74074885377943	0.741055064456722	-1.88691748228841	2.27484499742979e-44	1.11135927460149e-41
AL513327.2	2.27799104708798	1.12339419889503	-1.01989781890471	9.36295385653184e-18	5.20641131684026e-17
BCAR4	0.586904058240396	1.67024815837937	1.50886587912379	0.0338716834749242	0.0402762111083261
LEPR	5.37431242255266	2.44530009208103	-1.13606866490705	8.0929198530103e-41	1.48796598458735e-38
AP000331.1	2.64974498141264	0.72245423572744	-1.87487541021779	3.70172115914343e-23	3.88079277131781e-22
TPH1	4.99438832094176	2.39359898710866	-1.0611265274229	1.11309254603576e-16	5.56839363506889e-16
PAX5	1.78168729863693	0.711703683241252	-1.32389554635466	1.53762800589799e-07	3.09826788508717e-07
AL596442.3	0.896598017348203	2.15690276243094	1.26642792406807	3.84359549578685e-09	9.07381463239809e-09
MUC5AC	0.206816883519207	3.13440276243094	3.92176470406091	0.0241925957260686	0.0292407714936062
FAT2	4.46331359975217	1.77141878453039	-1.33320985354763	1.93545100768274e-36	1.51115419088435e-34
MIR3192	1.61685594795539	0.735838581952118	-1.13572992146949	4.24970504921424e-09	9.97744152636473e-09
IBSP	5.97646719330855	23.4389498158379	1.97154309490712	1.95630756038434e-09	4.7522237498241e-09
WIF1	22.9660969950434	4.075794106814	-2.49435261761019	3.27516119914783e-18	1.91394331319989e-17
SNORA5A	3.9735550495663	1.58290976058932	-1.32785131979215	2.13398838642222e-06	3.85841888753659e-06
AC007787.2	1.46597704460967	0.580812891344383	-1.33571713290519	3.59213353904246e-23	3.77516234690148e-22
ATOH8	1.47558683395291	0.699609944751381	-1.07666611962817	2.40950594847653e-26	3.84329684822763e-25
SCN4B	8.0960550495663	3.68329834254144	-1.13622084129135	4.90650690244653e-40	7.69691390137002e-38
MIR145	11.0010751858736	2.58641132596685	-2.08862089658383	7.09988485534659e-34	3.67881609519913e-32
ENPP2	23.6512397459727	11.7837571823204	-1.00511620102259	2.43028684854941e-33	1.14477892075334e-31
KRR1P1	1.51322329615861	0.642857642725599	-1.2350536908578	2.50226111039614e-22	2.35736433755722e-21
TRAJ3	1.92484225526642	0.933628453038674	-1.04381978480337	1.53680286413238e-07	3.09697020315846e-07
CYP11A1	4.80576449814126	0.842547790055249	-2.51193552765389	1.63180926618289e-14	6.51314347396387e-14
MEOX2	10.1375743804213	4.36314604051565	-1.21627183105462	2.42749564859231e-25	3.39948796849139e-24
SNORA79B	6.58873416976456	1.24184972375691	-2.40751071712429	1.27064229759373e-11	3.82377906486364e-11
ARHGAP40	24.0613455700124	9.09369742173112	-1.40377841722966	6.41456857192745e-11	1.79719331494982e-10
MUC7	2.62902611524164	0.402267495395948	-2.70830139989464	1.48265992532797e-14	5.94698617480248e-14
TSHZ2	6.65506366171004	2.9885697053407	-1.15499727434105	1.50658863825758e-40	2.62868970669045e-38
MTATP8P2	10.1750950123916	22.0747504604052	1.11735486324322	0.0161495636489866	0.0198834525370119
KLK14	41.4057166976456	12.9937834254144	-1.67200840347227	0.000211915002766344	0.000315153820302992
TNXB	6.03387688971499	2.18006979742173	-1.46871093594693	4.91568938386888e-34	2.61848513317053e-32
MIR200B	2.53892131350682	1.21074346224678	-1.06832247081609	4.55906365506743e-15	1.92340067697997e-14
ALG1L	3.58185799256506	9.24078241252302	1.36730686816589	2.67300198395037e-10	7.04681790372608e-10
TAC1	2.36914166666667	0.48574014732965	-2.28610783160655	3.30940277051634e-26	5.19627896905959e-25
LGALS7B	14.4771631350682	6.6810985267035	-1.11562168790607	1.33120303342155e-07	2.69982690884534e-07
ARHGAP20	1.85109625154895	0.920858747697974	-1.00732813242747	9.3656646947134e-39	1.13576950790712e-36
SNORD15B	30.2076152416357	2.08081998158379	-3.85968823072776	0.0202291251972789	0.0246383511466822
BCL2L1-AS1	1.67790328376704	0.520770902394107	-1.68793881302914	2.96104076352123e-06	5.28340144166227e-06
AC005326.1	1.5597332094176	0.583832965009208	-1.41767170159005	2.03234024733905e-13	7.23526668524889e-13
SNORD94	14.8550706939281	5.09294751381215	-1.54438271634448	3.23682672969952e-21	2.68933431735336e-20
AC093838.1	15.979137732342	6.96384622467772	-1.19823330859775	5.71445430790747e-07	1.08943532401505e-06
AC011498.4	1.7142051425031	0.7769894106814	-1.14157292821479	5.13613653418549e-14	1.95118415014525e-13
IGHA2	524.374096437423	259.1041893186	-1.01706407772976	3.60144816907275e-15	1.53760704726529e-14
DSC3	19.7831294609665	8.81077569060773	-1.16692971865397	1.11576091451368e-28	2.43925458508366e-27
AC011465.1	1.47344804832714	0.734613535911602	-1.00413880961897	9.93215775562739e-15	4.05515676846879e-14
CEACAM7	0.962441232961586	2.01309760589319	1.06464676666445	0.00204814078815877	0.00277022301350473
MGAM2	2.68046505576208	0.75607744014733	-1.82587741424097	3.6040224154098e-33	1.64773206633936e-31
AL445933.2	1.58074216232962	0.518428913443831	-1.6083839798002	1.12749800299436e-27	2.14928521217398e-26
CD300LG	3.20039690210657	1.0978849907919	-1.54352390184545	9.64994812606055e-21	7.60038982070518e-20
AC027644.2	1.54492255266419	0.606216022099447	-1.34963062957959	1.17883847761637e-21	1.02946675836375e-20
IGLVI-70	4.04582729244114	2.00752182320442	-1.0110190647409	0.00593113898752557	0.00763276477366597
AUXG01000058.1	1.50010879801735	0.732544935543278	-1.03407797378802	5.3280070442357e-28	1.05811373344235e-26
AC022509.1	2.00730535935564	0.885272007366482	-1.18106739319546	3.86379346635439e-25	5.25174916384688e-24
AP003306.1	2.00778609045849	0.982589134438306	-1.03094538190375	7.71317081900095e-09	1.76721838180487e-08
SYT5	0.660237484510533	1.48313581952118	1.16759376598561	0.000172397465297489	0.000258467712329835
VEGFD	2.90413677199504	0.99729364640884	-1.54201913534638	9.83438804981574e-18	5.45968185921426e-17
AC093416.2	1.67619507434944	0.702656261510129	-1.25429905606849	2.62817605091487e-25	3.65954253213301e-24
FOS	391.197370260223	193.922304788214	-1.01241792150031	2.63749863129801e-14	1.03082489363576e-13
IL17B	4.18272245972739	1.59945644567219	-1.38686056521895	4.6792398291831e-15	1.97166884768856e-14
NNAT	6.25732750929368	3.05836942909761	-1.03278393240878	4.55419937309892e-27	7.94614847761413e-26
LINC02487	3.8115239157373	1.7502408839779	-1.12281443599567	9.44617187466427e-08	1.94521476959186e-07
LORICRIN	7.19399615861214	0.159925690607735	-5.49131977073049	8.80423250729871e-11	2.43322404464685e-10
AC099677.1	16.2668075898389	6.123197053407	-1.40957412854596	3.75224230289266e-44	1.60398977842904e-41
SPIB	6.63933894052045	2.6189335174954	-1.34206016695816	1.26550294955789e-09	3.12790328628077e-09
DDC	0.481604925650558	3.41259613259668	2.82494763466668	0.0111189867143635	0.0139213263402579
AL606500.1	1.44168980793061	9.54271979742173	2.72663972179836	8.993752173506e-11	2.48239174196576e-10
MMRN1	6.33979055142503	2.24030138121547	-1.50074235173002	3.52426586008293e-32	1.38532004463352e-30
CEACAM6	161.85845783767	338.466112799263	1.06427864364756	0.0345524401905562	0.0410485789502129
MIR553	2.39825619578686	1.02829972375691	-1.22172494862882	1.40432023322247e-11	4.20165733471059e-11
CHGA	176.583819733581	35.8532216390424	-2.30017849063496	0.00255658641149671	0.0034213877318762
GPR12	2.69638070012392	0.750513259668508	-1.84507473806329	1.46856685631682e-19	9.96469233181004e-19
TRBJ2-7	4.28590749690211	2.03819972375691	-1.07230528402515	9.03161189910522e-09	2.05853814799787e-08
CRISPLD1	58.8866837360595	29.2458992633517	-1.00970707870046	2.91414121447008e-27	5.21768592944753e-26
ALKAL2	3.21160743494424	1.24852974217311	-1.36306536919236	5.65470371220901e-26	8.6330159620591e-25
RSPO1	5.13500226146221	1.69035248618785	-1.60304079140695	7.11971230472727e-30	1.86717731132717e-28
CDO1	11.3748530049566	5.67190386740331	-1.00394291597382	2.4469100429462e-28	5.11487956287739e-27
AC068587.2	3.10920960346964	1.5419438305709	-1.01179766525217	3.06351704890002e-26	4.82793345798539e-25
PABPN1P1	1.77470656753408	0.743713443830571	-1.25476175056505	1.89211049850942e-27	3.52047849989255e-26
SNORA47	3.73067865551425	0.589831031307551	-2.66106446758854	1.25104544794642e-12	4.14727144521827e-12
EDN3	4.18351589219331	1.3776288213628	-1.60252868478123	3.57175529808577e-34	1.95122823776257e-32
FOSB	61.637779708798	24.0572637200737	-1.35734233530422	1.17093345876528e-13	4.28090468493212e-13
AC006059.1	2.24283587360595	0.916004788213628	-1.29189700582664	1.18560982256275e-42	3.32340038622958e-40
AC098851.1	2.13789959727385	0.943420994475138	-1.18022048955558	5.62736066854081e-40	8.74747637012539e-38
AC094019.2	1.90447512391574	0.922884806629834	-1.0451709549068	2.09590114920241e-21	1.77943464499563e-20
MMP1	30.8168703841388	73.7636600368324	1.25918988580803	4.93264509011633e-15	2.07231691390416e-14
MIR29B2CHG	3.6476280669145	1.60091399631676	-1.18806282550808	9.81231858627692e-23	9.74903169708013e-22
RNA5SP123	2.07652010532838	0.571903959484346	-1.86032304137017	6.87972119444709e-15	2.85941547651558e-14
MIR1972-1	2.23857664188352	0.714470165745856	-1.64763603764095	1.00852297721672e-09	2.52189739506123e-09
AQP7	3.49883816604709	1.51963839779006	-1.20314786506035	8.40571800347611e-13	2.83601760342222e-12
AC243562.2	2.02212125154895	0.840137845303867	-1.26717154543345	1.36169961212348e-32	5.6240825284298e-31
RNVU1-27	5.3614478314746	2.28030202578269	-1.23339772382453	8.29742128371403e-05	0.000128372789115297
CCL21	66.5161328686493	32.2146274401473	-1.04598838511161	1.37294138302845e-12	4.52940858738249e-12
FAM83A	2.81859451672862	6.45478554327808	1.19539321698256	3.15398814999089e-05	5.0690895175011e-05
MIR4539	6.56509352540273	2.48277274401473	-1.40286335054517	1.91819832308013e-05	3.15074669801606e-05
SLC19A3	3.25142568153655	1.45424880294659	-1.1607983315731	6.91056029524358e-18	3.89979110522673e-17
TRBJ1-2	2.83135188971499	1.39414898710866	-1.02210631879068	9.14399494185171e-11	2.52263906922753e-10
S100B	27.4677722118959	13.0343517495396	-1.07542107095763	2.16654825135896e-19	1.44035025466512e-18
EGOT	6.36758729863693	3.17701086556169	-1.00307680960023	7.03484707799755e-24	8.01925667911201e-23
RNU6-853P	2.21845597893432	0.87977744014733	-1.33434541362041	8.84637438598286e-09	2.01739337991359e-08
CIDEC	22.1505011152416	8.58334493554328	-1.36772745584541	2.4122221996514e-15	1.04926449737571e-14
RNA5SP217	1.84318416976456	0.87755423572744	-1.07064003475563	4.22105867988366e-17	2.20182679583071e-16
SNORA12	14.0741932465923	0.961434069981584	-3.87172048842443	1.16835553168901e-06	2.16302633568107e-06
SNORD53B	1.45360452292441	0.718049355432781	-1.01747989683463	7.76027027244436e-08	1.61446479363093e-07
AC080188.2	2.389656133829	1.16361362799263	-1.03819093436881	3.80698987937207e-07	7.39304031202533e-07
RNU7-45P	2.34294312267658	1.12196602209945	-1.06229294606944	1.08762967266963e-10	2.97796313418383e-10
TCAP	2.35875833333333	7.73286132596685	1.71297472653331	0.0194466401756905	0.0237258723056819
PADI3	1.4978220260223	4.8407741252302	1.69237156805957	0.00107512198419016	0.00149776037214173
RN7SL674P	4.5498218401487	1.00464732965009	-2.17912090590939	3.55771636460918e-09	8.42918000809926e-09
PDE1C	1.64590864312268	0.651291436464088	-1.33750909799581	1.17644107752305e-43	4.27999276267375e-41
AL390760.1	3.08539773853779	1.48268563535912	-1.05724373460869	5.22607856880025e-19	3.31579656578536e-18
AP001363.1	1.43459708798017	0.68346408839779	-1.06970816675483	4.82494972838641e-20	3.4519588035849e-19
INMT	5.55226923791822	2.73469097605893	-1.02169971242128	3.01685615739422e-23	3.19413148206091e-22
SIRLNT	6.15348107187113	16.3982669429098	1.41406866087237	0.00334772230048515	0.004422334951792
LOXL4	13.1258137546468	6.35650727440147	-1.04610070045015	1.08148898635249e-20	8.45946028254402e-20
NGFR	18.5472954151177	7.77193103130755	-1.25486382346166	1.0530779541074e-28	2.3174491553774e-27
SNORA63C	2.22783125774473	0.589223848987109	-1.91875223288203	4.97421624270462e-06	8.67191308462544e-06
ACTL8	4.98831586121437	15.1782103130755	1.6053769653868	9.35079389891131e-14	3.45631700988942e-13
AC104564.4	0.925091418835192	2.10177366482505	1.18393947021219	0.000887254950450693	0.00124547840060392
GSTA2	0.688998760842627	1.67180994475138	1.27883755443592	4.96223697059469e-08	1.04998502611309e-07
AF178030.1	5.08690077447336	0.686810313075506	-2.8888033451598	4.8565726690847e-09	1.13384128985089e-08
CYP4F8	12.5489865241636	5.9656379373849	-1.07282252823196	1.11059639913068e-06	2.06122737748133e-06
PTCH2	2.98022679677819	1.39217670349908	-1.09807978629198	7.92148076066203e-45	4.36933546859871e-42
SYNM	37.904269330855	14.3872460405157	-1.39756989232674	5.4561127587595e-28	1.08104370871412e-26
RNVU1-29	6.22337540272615	0.334817219152855	-4.21625164366244	3.93961387054115e-11	1.1283661234905e-10
ADIPOQ	28.8237579615861	12.1044160220994	-1.25172496419987	4.23581175168996e-14	1.62031644613303e-13
FAT4	2.95988906443618	1.36514456721915	-1.11648936622369	2.64051867248678e-41	5.13070781600585e-39
LINC02587	1.59033432465923	0.642475138121547	-1.3076175524083	8.27086648724851e-19	5.15579825247766e-18
LIN28A	0.640331443618339	2.08219990791897	1.70121782492377	0.00286715268360396	0.00381610054774999
GRIK1	2.21010223048327	0.549425782688766	-2.00811658655765	1.57102898802303e-26	2.55594906433928e-25
MIR3671	5.86882735439901	2.82007163904236	-1.05734045615061	5.95195727995675e-29	1.34976813700239e-27
AC036108.3	1.9935709417596	0.706766850828729	-1.49604866443571	4.94869544300568e-39	6.26798099110771e-37
IGHV1-45	6.72247357496902	3.30402329650092	-1.02476831992953	5.82702911193859e-10	1.48866533370743e-09
RN7SL767P	1.94348522304833	0.881868876611418	-1.14001007314984	2.93312559083622e-05	4.73012491537381e-05
AC064799.2	2.05348640024783	0.288905432780847	-2.82940615400043	3.28967855201343e-06	5.84357090804879e-06
SVEP1	9.17523289962825	4.39117513812155	-1.06313770286382	2.32666868827406e-31	8.00477020136784e-30
IGHD	28.2495375774473	13.2995833333333	-1.08684620414069	5.31385224698574e-15	2.22863771329922e-14
LRRN1	21.3360869578686	10.5994256906077	-1.00930951263195	9.10915876010913e-25	1.16150265204404e-23
CSAG1	2.36508990086741	6.10371132596685	1.36779170799528	0.000631380577646369	0.000897719648858745
RNU6-342P	2.20530802354399	0.586314364640884	-1.91123386826103	2.10504598587295e-17	1.13260482418004e-16
MICU3	2.00581632589839	0.971855064456722	-1.0453764216131	3.43642258497211e-47	3.67246186127738e-44
AC009630.4	2.13706806071871	1.02883554327808	-1.05462046569876	0.00231565361238959	0.00311774496994091
TRABD2B	3.86797187112763	1.37392495395948	-1.49327409927637	1.11677832033293e-38	1.33537010485124e-36
AC053513.2	2.13621310408922	0.837174125230203	-1.35145594677757	1.45303546847886e-50	2.732154057902e-47
SLC6A4	11.9287540892193	5.79113830570902	-1.04252450993048	2.0802108091592e-11	6.13585037533434e-11
PAMR1	8.37115309789343	4.10869162062615	-1.02674731024589	7.89724634578667e-20	5.52064657672143e-19
TP63	11.451724070632	4.13972569060773	-1.46795773498315	1.57912142114866e-32	6.47515519909375e-31
NR3C2	5.78146232961586	2.80378443830571	-1.04405901006924	3.29035933471003e-44	1.48057511221597e-41
AP001429.1	1.79125263320942	0.722117219152855	-1.31066387565092	1.28878376171579e-11	3.87496281722847e-11
AC007878.1	2.3432822180917	0.625206261510129	-1.90612658638418	6.37614027382079e-38	6.41327191423892e-36
OSR1	8.02879017967782	3.44506372007366	-1.22065194390784	1.5415931414239e-35	1.05275415616533e-33
RNF150	5.73183773234201	2.81035883977901	-1.02824341538245	2.95319414358352e-35	1.93473818625037e-33
COL17A1	32.9630479244114	11.0165453959484	-1.58117775748344	2.33463518953533e-29	5.68659930282972e-28
AC020913.3	2.59000780669145	1.0732953038674	-1.27090937610217	2.33428087104913e-19	1.54644977195153e-18
TNMD	3.66038711276332	1.0724120626151	-1.77113688002633	2.25270283679121e-16	1.09335696299441e-15
SOWAHA	14.9093452292441	7.13162025782689	-1.0639151104917	1.66678356865123e-08	3.70086410037006e-08
PPIAP53	2.96139758364312	1.43075561694291	-1.04950092241763	2.90779166024824e-42	7.20584486936009e-40
CR2	5.80407667286245	1.72883370165746	-1.74726747649087	5.23927627181596e-09	1.21952606822463e-08
PZP	2.25565994423792	0.153999539594843	-3.87255164536001	3.75504692666883e-28	7.59852631942134e-27
NPY2R	2.35489157372986	0.190689042357274	-3.62636678639333	8.88897933439192e-26	1.32167528381537e-24
TRBJ1-5	7.74364866790582	3.70687523020258	-1.06280994224102	1.89155524806915e-13	6.76504981943828e-13
SNORD117	3.92930102230483	1.86424079189687	-1.07568448077362	1.24005071432347e-16	6.17641338893592e-16
AC104695.3	3.8423647149938	1.5828423572744	-1.27947688743035	1.47664392772722e-07	2.98135960800658e-07
CTSG	7.74146753407683	3.54585570902394	-1.12647325096918	5.17520423647333e-19	3.28495471607941e-18
CBLN4	1.7254876394052	0.81565211786372	-1.08097827146524	7.2547241202605e-21	5.79937016046444e-20
AL139407.1	2.20125061957869	1.0488546961326	-1.06950858320223	2.52186966406039e-40	4.14629321017006e-38
ATP1B3-AS1	2.01596824659232	0.992886372007367	-1.02177238792885	3.02911678412181e-31	1.01558564493527e-29
GSTA3	1.18632041511772	3.0542623388582	1.36433026218572	0.0270382903412925	0.0324873674756349
AC093001.1	214.211861276332	558.511752209945	1.38254927144521	2.17872201152335e-06	3.93597122821318e-06
MS4A1	11.6041798946716	4.07583406998158	-1.50947734160939	2.76900771824126e-10	7.28867964504423e-10
TMC3	2.01277196406444	0.920509576427256	-1.12867909644934	7.77138376725313e-15	3.20740745923875e-14
FGF2	6.81305399628253	3.14769438305709	-1.11400616772879	2.97301226332565e-48	3.91042589927733e-45
AC024940.1	4.07801251548947	1.91423443830571	-1.09109867399281	1.72353730527073e-14	6.86804110529578e-14
COL11A2	8.92300331474597	1.74743674033149	-2.35228914688795	1.63031551679436e-07	3.27808761069797e-07
MYBL2	49.8013708798017	106.447259300184	1.09588144422337	3.2125926624405e-40	5.1822756542519e-38
LCAL1	1.13557472118959	3.45480377532228	1.60518113230106	1.70122040230256e-06	3.10450028377497e-06
CCN3	15.6682607496902	7.8152635359116	-1.00347861499418	1.02010991198776e-30	3.1542241202674e-29
RNY4P25	2.09243859975217	0.774884346224678	-1.43313238406512	4.91550344903055e-13	1.69047050432368e-12
AC012467.1	7.12773444857497	3.30638186003683	-1.10819023498418	4.57686042353572e-25	6.13320818041045e-24
KLK13	7.42395015489467	3.47328720073665	-1.09588531423686	2.94356558427977e-10	7.72437506531611e-10
PREX2	3.84999498141264	1.91635460405157	-1.00649202179286	6.39204975018654e-40	9.50414423290779e-38
AC092279.2	2.7165217472119	1.34326556169429	-1.01601604487826	3.09449781544761e-26	4.87226686430375e-25
AC006946.3	1.53799606567534	0.72124926335175	-1.09248196739362	4.07499297784385e-22	3.7301019768818e-21
GATA4	0.821909448574969	1.81695930018416	1.14447474047637	0.0190159277075765	0.0232302170373545
MYH11	20.1618379491945	6.64048296500921	-1.60226708233574	1.35700424328564e-36	1.09856698392414e-34
PRDX3P1	1.70756276332094	0.768088766114181	-1.15259365292788	2.40986807203198e-44	1.11368470712635e-41
AC093110.1	2.25499690210657	1.12430810313076	-1.0040880085349	1.02368309867459e-36	8.37509918863005e-35
MYOC	8.08205684634449	0.185993554327808	-5.44139796875938	1.76587586628849e-18	1.06469363320405e-17
CPLX2	3.13072190210657	7.15725009208103	1.19291003040841	2.37319094461697e-05	3.85660444421266e-05
AC093797.1	1.46334603469641	0.66305	-1.14208138933394	7.74996619413644e-35	4.66678298256223e-33
ABI3BP	12.1997186802974	5.77350957642726	-1.07932741035164	2.22848463052961e-30	6.45845062668234e-29
AK5	11.5706960346964	4.84632615101289	-1.25551224777089	3.9455855734233e-23	4.1212930800223e-22
NTNG1	2.94153150557621	1.17265801104972	-1.32678515515261	2.08755669218948e-13	7.42720180602329e-13
TIMM9P2	2.07865604089219	0.738296685082873	-1.49337846648307	2.35077803051032e-17	1.25848320424846e-16
MIR23B	1.7215709417596	0.498515745856354	-1.7880146534303	1.42419694315049e-19	9.68220550541554e-19
TCEAL5	2.26336087360595	0.650518876611418	-1.79880380191062	3.85814723854647e-32	1.49932862799787e-30
ADCYAP1R1	1.72236217472119	0.833416390423573	-1.04727916327165	2.4655289805537e-28	5.1468602854888e-27
MYBPC1	31.5298727385378	13.0936513812155	-1.2678518742402	1.04207992766141e-18	6.43500349696008e-18
PLIN4	47.195841047088	19.8893296500921	-1.24666508080619	5.59136806009527e-19	3.53444741070495e-18
AC007919.1	2.46883373605948	1.04927034990792	-1.23444323764421	3.29035282600247e-12	1.04829034790043e-11
TUNAR	2.03009823420074	0.62334650092081	-1.7034432942709	1.67703442096271e-11	4.98186441348877e-11
SORCS1	5.0606655204461	2.14230561694291	-1.24016281733517	9.32727476729272e-25	1.18577748138244e-23
AC080162.1	1.57771765799257	0.761328913443831	-1.0512472750988	2.88676495587433e-24	3.43738119641331e-23
KLHDC7A	25.153782063197	11.9043523020258	-1.07928620868769	7.22349301766179e-08	1.50756141961429e-07
AC122129.1	2.25546180297398	1.0880650092081	-1.05165809708081	9.81832541621392e-39	1.18227849501297e-36
IGKV2OR22-4	5.65574098513011	1.94165368324125	-1.54243014875302	2.75844390749665e-09	6.59857755655921e-09
TLR10	2.79690641263941	1.31469290976059	-1.08910613108813	3.8993309870769e-24	4.57302198546145e-23
PDK4	57.441458983891	25.518855893186	-1.17052874426962	1.5786153022339e-25	2.26259371776173e-24
AC016747.3	1.49693280669145	0.721991620626151	-1.05195546560406	4.26856772836494e-29	9.91688037871088e-28
OXTR	17.4400218711276	6.44603922651934	-1.43591697649971	8.97836819417884e-11	2.47894587037404e-10
L3MBTL4	3.0135823110285	1.44618959484346	-1.05922276876824	1.16661276266512e-36	9.49900553752899e-35
CHRNA6	2.80355545229244	1.00201721915285	-1.48435030482572	3.85834138333867e-19	2.49051639538346e-18
ACTA2-AS1	3.4934698574969	1.12142955801105	-1.63932169123741	7.39538977581052e-39	9.03241212689886e-37
AC063961.1	3.05561332094176	1.38840193370166	-1.13803670642631	1.00574680448576e-08	2.2814094733221e-08
RAD17P1	2.4631958488228	1.22082302025783	-1.0126772696565	2.34313954250442e-17	1.25517991971438e-16
INSYN2B	1.88269024163569	0.747003775322284	-1.33360821390933	6.1627238951299e-21	4.94724957196367e-20
NAV3	5.70383550185874	2.19400957642726	-1.37836255233729	1.28983136415748e-29	3.26738170307093e-28
ABCB1	3.99425371747212	1.76359732965009	-1.17940477896379	1.80072251529945e-41	3.62241815165945e-39
RNU6-126P	1.56864507434944	0.704045211786372	-1.15577897862294	6.36457219456052e-09	1.46925637849049e-08
AC079296.1	1.63838968401487	0.541088305709024	-1.59834257019903	3.76528250669824e-24	4.41884458353008e-23
C6orf15	20.7791006195787	6.05991372007366	-1.7777640533876	6.76667227172623e-09	1.55913393308512e-08
PRELP	53.4755387546468	24.2091269797422	-1.14332805794904	7.41635907835233e-33	3.22677668907752e-31
AC018638.3	1.5695947645601	0.771079742173112	-1.02544016344151	1.08082104116252e-08	2.44230989597435e-08
LINC00992	2.06314219330855	4.1696349907919	1.01507783961857	9.90434604613433e-07	1.84542239340581e-06
AC009754.1	1.47574163568773	0.678809116022099	-1.12036232009932	4.93274364480688e-16	2.31399131913725e-15
PTGDR	1.88581006815366	0.912541804788214	-1.04722182305766	1.28065511258211e-18	7.83187473892757e-18
TMEM161BP1	1.736939622057	0.560575506445672	-1.63156699090438	4.37523387680817e-15	1.8494962684683e-14
LINC01152	3.03271960966543	0.687984806629834	-2.14016350954661	2.59038798081416e-35	1.71678465441633e-33
SNORA73B	203.745427757125	10.1533515653775	-4.3267397474264	7.10486488092744e-07	1.3429812580033e-06
IGLV1-36	46.9056790892193	20.8296135359116	-1.17112653467351	4.29735375101861e-07	8.29725065364354e-07
SPDYC	12.4049746282528	29.8548518416206	1.2670466246734	1.4835631442764e-09	3.64370097730281e-09
RN7SL648P	2.54070412019827	0.250852209944751	-3.34031882187745	4.60977602877379e-06	8.06533923217058e-06
TMEM26	12.516762732342	5.87873637200737	-1.09028349192295	1.22647586551364e-20	9.53683984739324e-20
GREM2	2.24789984510533	1.11858710865562	-1.00690014894337	2.21612412833414e-20	1.66345506893703e-19
SNORA23	21.0491737298637	0.881722283609576	-4.5772954710795	0.000430127721680586	0.000620968753209755
KLF7-IT1	1.43324033457249	0.64607467771639	-1.14950771368198	9.98942618619045e-14	3.67885415372971e-13
KLK12	6.00840123915737	2.10573112338858	-1.51265992552476	0.00843950780627342	0.0107021020453478
SLC4A4	4.25407131350681	1.83672145488029	-1.21171136487173	3.98193066452949e-18	2.30725287810199e-17
SNORA53	17.236209417596	1.22523416206262	-3.81431312917097	0.000178593006866935	0.000267357890423544
AL138721.1	1.62270960346964	0.629272744014733	-1.36664748021408	2.4054614626166e-23	2.59011244013106e-22
SNORA22C	2.96397357496902	0.352581952117864	-3.07150205216161	0.0205476760260034	0.0250156434580728
RNU6-1280P	1.48962475216853	0.632888489871087	-1.23492571529022	0.000378613389863624	0.000550034864339686
VN1R53P	20.4474872366791	7.64013038674033	-1.42025439859956	1.16521658845012e-15	5.24454815633288e-15
JMJD7-PLA2G4B	1.39879953531599	0.689713720073665	-1.02011965101393	5.47405430018334e-41	1.01740059216125e-38
RNU6-26P	1.83067899628253	0.804325046040516	-1.1865282911152	3.60260160837716e-22	3.32618169015341e-21
C6	2.23784826517968	1.03718692449355	-1.10943629550078	3.78668613780228e-16	1.80157335198334e-15
AC025917.1	5.01311167905824	2.45126998158379	-1.03217698333518	1.99046934215764e-29	4.90418375814892e-28
CRISP3	45.8138809169765	171.641403038674	1.90554091461788	0.0084501064848755	0.0107147475554235
NPTN-IT1	2.35226527261462	1.09930073664825	-1.09746464715977	1.47036938399416e-37	1.35901870794141e-35
AC100823.1	2.74294668525403	1.22062780847145	-1.1681032172183	4.90750482962769e-18	2.81683199334689e-17
SNORA80E	2.43173345724907	0.839318600368324	-1.53469464514421	3.32829876892466e-12	1.05998473924088e-11
HOXA7	1.7638000929368	0.875818876611418	-1.00998260698497	6.20085811823446e-27	1.06775904293747e-25
GPD1	26.6141096654275	10.6445565377532	-1.32207545689314	1.44723144327174e-16	7.15415161853237e-16
RNY1P16	4.78774919454771	1.90476114180479	-1.32973748468556	4.35071488130834e-25	5.86232259696543e-24
SCARNA6	18.9534783457249	1.54403195211786	-3.6176881232606	1.94734096933732e-15	8.54660760644221e-15
LEP	8.18208345724907	3.29251335174954	-1.31327896190163	2.84606121772907e-15	1.22704994356907e-14
